01,79990123456,1531720468,1531721279
02,79789012345,1532467658,1532467823
01,79112345678,1533117281,1533118959
01,79901234567,1532207751,1532208389
02,79445678901,1533878498,1533880184
02,79234567890,1533150543,1533150788
01,79212345678,1532662224,1532662436
01,79234567890,1533640025,1533640181
01,79112345678,1533284235,1533284948
01,79778901234,1533886055,1533886588
01,79345678901,1533866674,1533867276
02,79678901234,1532373044,1532373832
01,79123456789,1531926628,1531927139
01,79567890123,1531782659,1531783964
02,79889012345,1531764497,1531766288
01,79667890123,1531396896,1531398694
01,79334567890,1531789570,1531790171
01,79212345678,1531748218,1531749219
02,79334567890,1532227348,1532228291
02,79445678901,1531462644,1531463706
01,79901234567,1533440744,1533441273
01,79789012345,1531950637,1531950957
02,79789012345,1532745171,1532746409
01,79123456789,1532158455,1532159665
01,79234567890,1531554641,1531555210
02,79789012345,1531735630,1531737059
01,79556789012,1531712309,1531712877
02,79123456789,1531423819,1531424983
01,79890123456,1533529476,1533530317
02,79556789012,1533721177,1533721951
02,79778901234,1533627843,1533628324
01,79889012345,1531827975,1531828091
01,79223456789,1531716320,1531716982
02,79678901234,1533557195,1533557598
02,79334567890,1533661508,1533662601
02,79112345678,1533349087,1533349825
01,79101234567,1532801366,1532802641
01,79678901234,1532832402,1532833024
01,79223456789,1532852099,1532852479
02,79334567890,1531839716,1531840343
01,79345678901,1533438391,1533439521
01,79334567890,1532005256,1532006199
02,79789012345,1531866101,1531867003
01,79123456789,1531904150,1531905883
02,79901234567,1533011556,1533011748
02,79556789012,1532944470,1532945288
02,79112345678,1532919605,1532921072
02,79456789012,1531553112,1531554637
01,79667890123,1531752986,1531753613
01,79234567890,1532274705,1532276288
02,79789012345,1533210499,1533211161
02,79556789012,1533654247,1533654644
01,79890123456,1532567835,1532567902
01,79990123456,1532063266,1532064180
01,79223456789,1532784023,1532785199
02,79123456789,1531394515,1531395927
02,79101234567,1532456602,1532456957
01,79667890123,1533184222,1533185623
02,79990123456,1533195049,1533195160
01,79123456789,1532810966,1532811710
