02,79456789012,1558104214,1558105728
02,79889012345,1557018251,1557019921
01,79567890123,1557554294,1557555153
01,79890123456,1558380461,1558381453
01,79901234567,1558259288,1558259511
02,79234567890,1558268341,1558268441
01,79901234567,1559346714,1559346929
02,79901234567,1558633998,1558634571
02,79567890123,1559412087,1559413200
02,79890123456,1557584808,1557586174
02,79445678901,1558161492,1558161708
01,79234567890,1559194483,1559195818
01,79101234567,1559265885,1559266737
01,79778901234,1558025054,1558025701
02,79345678901,1558712722,1558714087
02,79234567890,1557836629,1557838358
02,79667890123,1558993267,1558993912
01,79901234567,1557769275,1557770384
02,79889012345,1557813117,1557814064
01,79890123456,1559166006,1559166631
01,79112345678,1559088389,1559088811
02,79123456789,1558872152,1558873235
02,79667890123,1557046677,1557047974
01,79889012345,1557180659,1557180848
02,79890123456,1559125227,1559126258
02,79456789012,1559340215,1559341514
01,79212345678,1557992870,1557993721
02,79678901234,1557564817,1557565944
01,79567890123,1559508484,1559509519
01,79234567890,1559222485,1559224099
02,79456789012,1557239787,1557241116
02,79889012345,1558301800,1558302228
02,79901234567,1557013874,1557014370
01,79678901234,1558925163,1558925470
01,79889012345,1558437265,1558438807
02,79101234567,1559038697,1559038763
02,79556789012,1557890434,1557891630
02,79556789012,1558485319,1558485572
01,79990123456,1557371396,1557371614
01,79212345678,1558004992,1558006722
01,79890123456,1558477416,1558478944
02,79778901234,1557271776,1557272912
02,79778901234,1559149397,1559151049
01,79778901234,1558445314,1558446984
02,79990123456,1558526090,1558526944
01,79567890123,1557365353,1557365596
01,79345678901,1558786064,1558786366
02,79567890123,1558932335,1558933321
01,79889012345,1558935190,1558936117
01,79112345678,1558425571,1558426609
01,79234567890,1558570613,1558570749
02,79789012345,1557977606,1557978590
01,79345678901,1559187787,1559188287
01,79101234567,1558761650,1558762872
02,79567890123,1557727834,1557727970
01,79112345678,1559387884,1559388058
02,79567890123,1558116971,1558117133
01,79556789012,1557109978,1557111243
01,79778901234,1557929688,1557931021
02,79789012345,1557821314,1557821766
01,79556789012,1557263060,1557263327
02,79234567890,1559242979,1559243726
01,79223456789,1557510155,1557511205
01,79778901234,1558489243,1558490516
01,79778901234,1559313927,1559314405
01,79101234567,1557858859,1557859802
02,79234567890,1558491545,1558492445
02,79778901234,1559162631,1559164392
02,79667890123,1557993259,1557993818
01,79456789012,1558605777,1558606212
02,79789012345,1558019783,1558021453
02,79123456789,1557850543,1557851114
01,79334567890,1556948052,1556949438
01,79901234567,1559161810,1559163390
01,79778901234,1558934418,1558934983
02,79345678901,1558210541,1558210769
02,79334567890,1558835000,1558835654
01,79789012345,1558621434,1558621921
01,79212345678,1556992040,1556992126
02,79990123456,1558850393,1558850937
01,79678901234,1559000554,1559001626
02,79234567890,1558411596,1558411933
02,79212345678,1558133070,1558134602
02,79101234567,1559387291,1559388071
01,79101234567,1559423214,1559423372
01,79678901234,1557757797,1557758036
01,79901234567,1558018819,1558019610
02,79889012345,1559016040,1559016830
02,79778901234,1557924344,1557924897
01,79456789012,1559370538,1559372016
