01,79778901234,1601402863,1601403750
01,79123456789,1601811308,1601811440
01,79789012345,1601945459,1601945719
02,79789012345,1602878498,1602878897
02,79678901234,1601850705,1601850906
02,79789012345,1603388815,1603389979
02,79234567890,1603864616,1603865743
01,79112345678,1603833924,1603834345
02,79123456789,1603404538,1603406049
02,79678901234,1603654386,1603655715
02,79345678901,1603737668,1603737963
02,79101234567,1603936385,1603937669
01,79667890123,1602077963,1602079010
01,79456789012,1603587771,1603587833
02,79556789012,1602914588,1602915517
01,79890123456,1602151216,1602152545
01,79678901234,1603552765,1603553530
01,79567890123,1602987369,1602987825
01,79112345678,1603727946,1603728520
01,79678901234,1603757661,1603759070
01,79889012345,1601898329,1601899311
02,79101234567,1601990563,1601991037
01,79667890123,1603797651,1603799031
01,79789012345,1602306897,1602306987
01,79990123456,1601967559,1601968377
02,79223456789,1601380012,1601380844
01,79901234567,1603026240,1603027477
02,79556789012,1601990900,1601992201
02,79101234567,1603297653,1603297832
02,79345678901,1603550344,1603551044
01,79678901234,1603780119,1603781891
02,79123456789,1603138130,1603139479
01,79334567890,1603089859,1603090792
01,79990123456,1602995453,1602995718
01,79123456789,1601480637,1601482367
01,79556789012,1603399377,1603399480
02,79112345678,1602583030,1602583687
01,79101234567,1601380966,1601382679
02,79112345678,1603405052,1603405963
02,79901234567,1603644645,1603645122
01,79990123456,1602022168,1602023706
02,79678901234,1603267626,1603268317
01,79556789012,1602099749,1602101075
02,79123456789,1602100350,1602101053
02,79667890123,1603488365,1603488565
01,79556789012,1602695649,1602697259
02,79123456789,1602943842,1602945525
02,79556789012,1603766575,1603767817
01,79212345678,1602089700,1602090763
01,79678901234,1602370260,1602371939
02,79890123456,1601915684,1601916849
02,79890123456,1602418321,1602419607
01,79990123456,1603407494,1603408514
02,79678901234,1602338225,1602339064
01,79889012345,1602652876,1602653207
02,79778901234,1603560034,1603560586
02,79889012345,1602547944,1602548173
01,79567890123,1603481455,1603481607
02,79234567890,1603846135,1603847065
02,79212345678,1601557303,1601558527
02,79556789012,1603750305,1603751022
02,79456789012,1602555642,1602555752
02,79334567890,1602711738,1602712176
02,79778901234,1601972982,1601973868
01,79112345678,1602614034,1602615385
01,79101234567,1602796951,1602798205
02,79789012345,1602668773,1602670346
01,79890123456,1601834785,1601835388
02,79112345678,1602990840,1602990986
02,79667890123,1603081041,1603082273
01,79234567890,1603445794,1603446385
01,79123456789,1602788923,1602790448
01,79101234567,1602269524,1602269811
01,79556789012,1601799055,1601800234
01,79667890123,1602698960,1602700663
01,79101234567,1603160627,1603162066
02,79667890123,1603050433,1603051888
02,79667890123,1602036278,1602038075
01,79556789012,1601836916,1601837375
01,79678901234,1603903407,1603904309
01,79889012345,1603335760,1603335834
02,79778901234,1603038112,1603038919
02,79901234567,1603531064,1603531936
02,79556789012,1602809307,1602810690
02,79223456789,1602370286,1602370674
02,79889012345,1602745808,1602746683
02,79556789012,1602957857,1602958926
02,79901234567,1602248615,1602249362
02,79556789012,1603719110,1603720577
01,79567890123,1603119582,1603119766
02,79678901234,1602949772,1602951302
02,79778901234,1602566945,1602567837
02,79678901234,1603071243,1603072905
