01,79567890123,1530991655,1530991833
01,79890123456,1531635495,1531636736
02,79678901234,1532955246,1532955353
01,79212345678,1531665551,1531666532
01,79101234567,1532230558,1532231303
02,79345678901,1531198706,1531200050
02,79101234567,1531667981,1531669526
01,79101234567,1530779977,1530780362
02,79456789012,1532080555,1532082180
02,79789012345,1532573471,1532573930
02,79456789012,1532006721,1532007706
02,79212345678,1531536215,1531537433
02,79456789012,1531266373,1531267439
02,79556789012,1531771626,1531773056
01,79901234567,1531353210,1531353638
01,79890123456,1532977265,1532977377
02,79678901234,1532668851,1532669395
01,79667890123,1531868524,1531870051
01,79889012345,1531146986,1531148529
02,79223456789,1530587614,1530588133
02,79889012345,1531524605,1531525293
02,79123456789,1531920801,1531922194
01,79901234567,1531079654,1531080627
01,79223456789,1531010906,1531012217
01,79234567890,1530572457,1530573406
01,79901234567,1532611794,1532613296
01,79456789012,1532522539,1532522881
01,79567890123,1531397294,1531399029
02,79678901234,1530829965,1530831613
01,79112345678,1531193424,1531193704
01,79901234567,1531189064,1531190733
01,79789012345,1532041197,1532042360
01,79889012345,1532695910,1532697256
01,79456789012,1531753287,1531753558
02,79445678901,1530756522,1530757133
01,79112345678,1530753811,1530755367
02,79212345678,1531916889,1531917674
01,79778901234,1532352110,1532352325
01,79234567890,1530620810,1530622173
02,79889012345,1532652478,1532653300
01,79223456789,1532724178,1532725374
01,79445678901,1531354529,1531354996
01,79567890123,1532820291,1532821544
02,79234567890,1530760916,1530762160
02,79556789012,1532401402,1532403138
02,79212345678,1532843542,1532844411
01,79101234567,1532106899,1532108406
02,79890123456,1530508239,1530509247
01,79889012345,1530752316,1530753306
01,79123456789,1532491037,1532491275
02,79223456789,1531882560,1531882809
01,79667890123,1531380713,1531382346
02,79890123456,1531612286,1531612740
02,79678901234,1531457329,1531457439
01,79223456789,1533006718,1533008096
02,79667890123,1532121050,1532122219
02,79789012345,1531892778,1531893619
02,79112345678,1531640168,1531640264
01,79345678901,1532568171,1532569078
02,79112345678,1533012406,1533013217
02,79123456789,1532700342,1532701970
01,79123456789,1532836154,1532837210
02,79445678901,1532412074,1532412631
02,79556789012,1531502181,1531503063
01,79678901234,1531095412,1531096352
01,79567890123,1532555374,1532556365
02,79778901234,1532407293,1532408437
02,79212345678,1532764678,1532765422
02,79778901234,1531886538,1531887272
02,79778901234,1530566580,1530567655
